Transformation matrix:
0.566805 -0.55711 -0.606927 22.6904 
0.740393 0.0213682 0.671834 -25.5065 
-0.361317 -0.830163 0.424593 32.8609 
0 0 0 1 

Inverse transformation matrix:
0.566805 0.740393 -0.361317 17.897 
-0.55711 0.0213682 -0.830163 40.466 
-0.606927 0.671834 0.424593 16.955 
0 0 0 1 
