Transformation matrix:
-0.0528339 -0.633446 -0.771981 35.9706 
0.99615 -0.0875839 0.00369075 -19.2055 
-0.069951 -0.768814 0.635635 7.40444 
0 0 0 1 

Inverse transformation matrix:
-0.0528339 0.99615 -0.069951 21.55 
-0.633446 -0.0875839 -0.768814 26.796 
-0.771981 0.00369075 0.635635 23.133 
0 0 0 1 
