Transformation matrix:
-0.625363 -0.753653 0.202309 -1.48718 
0.453873 -0.140405 0.879935 2.32215 
-0.63476 0.642101 0.429867 -4.05352 
0 0 0 1 

Inverse transformation matrix:
-0.625363 0.453873 -0.63476 -4.557 
-0.753653 -0.140405 0.642101 1.808 
0.202309 0.879935 0.429867 -4.88462e-16 
0 0 0 1 
