Transformation matrix:
-0.153731 0.330014 -0.931374 51.4185 
0.845526 0.531697 0.0488353 13.2239 
0.511325 -0.779993 -0.360774 -10.8963 
0 0 0 1 

Inverse transformation matrix:
-0.153731 0.845526 0.511325 2.295 
0.330014 0.531697 -0.779993 -32.499 
-0.931374 0.0488353 -0.360774 43.313 
0 0 0 1 
