Transformation matrix:
0.149528 -0.775197 0.613768 1.65473 
0.780361 -0.288673 -0.554712 4.92893 
0.607189 0.561905 0.561769 -21.4723 
0 0 0 1 

Inverse transformation matrix:
0.149528 0.780361 0.607189 8.944 
-0.775197 -0.288673 0.561905 14.771 
0.613768 -0.554712 0.561769 13.781 
0 0 0 1 
